0.10000000149012
0.084179729223251
0.064010538160801
0.04239996522665
0.02649238333106
0.020606063306332
0.016728721559048
0.014276962727308
0.01257118396461
0.011294480413198
0.01030617300421
0.0095746088773012
0.008882568217814
0.008339473977685
0.0078364107757807
0.0073971119709313
0.0069654956459999
0.0066042770631611
0.0063005960546434
0.0059989625588059
0.005708921700716
0.0054495753720403
0.0052220895886421
0.0050213397480547
0.0048151826485991
0.0046285032294691
0.0044382293708622
0.0042653307318687
0.004103715531528
0.0039579491131008
0.0038125568535179
0.00367894442752
0.0035566263832152
0.003439123975113
0.0033217566087842
0.0032194827217609
0.0031147196423262
0.0030222297646105
0.0029236557893455
0.0028344043530524
0.0027496705297381
0.0026608854532242
0.0025810345541686
0.0025077918544412
0.0024393447674811
0.0023664685431868
0.0023024883121252
0.0022410035599023
0.0021877638064325
0.0021301079541445
0.0020774025470018
0.0020325279328972
0.0019819892477244
0.0019367632921785
0.0018858717521653
0.0018430281197652
0.0017945361323655
0.0017519860994071
0.0017142732394859
0.0016793708782643
0.0016405959613621
0.0016047673998401
0.0015677054179832
0.0015344792045653
0.0015002234140411
0.0014756368473172
0.0014406009577215
0.0014099022373557
0.0013773420359939
0.0013493220321834
0.0013162813847885
0.0012848974438384
0.0012555894209072
0.0012313942424953
0.001206140499562
0.0011798101477325
0.0011537041282281
0.0011291459668428
0.0011056310031563
0.0010849161772057
0.0010614818893373
0.0010384052293375
0.0010151122696698
